1533690819.812275887	1533690819.812366009	1533690819.812387943
1533690819.912534952
1533690820.012804985
1533690820.113085032
1533690820.213347912
1533690820.313620090	1533690820.313685894	1533690820.313709974
1533690820.413883924
1533690820.514153004
1533690820.614415884
1533690820.714684010
1533690820.814960957
1533690820.915242910
1533690821.015499115
1533690821.115762949
1533690821.216029882
1533690821.316299915	1533690821.316358089	1533690821.316370964
1533690821.416570902
1533690821.516825914
1533690821.617130995
1533690821.717405081
1533690821.817672014
1533690821.917941093
1533690822.018213987
1533690822.118489027
1533690822.218750000
1533690822.319010019	1533690822.319067955	1533690822.319082975
1533690822.419272900
1533690822.519532919
1533690822.619803905
1533690822.720078945
1533690822.820348978
1533690822.920617104
1533690823.020884991
1533690823.121171951
1533690823.221436977
1533690823.321703911	1533690823.321762085	1533690823.321774960
1533690823.421972990
1533690823.522253990
1533690823.622530937
1533690823.722796917
1533690823.823065996
1533690823.923338890
1533690824.023612022
1533690824.123867035
1533690824.224137068
1533690824.324402094	1533690824.324465036	1533690824.324485064
1533690824.424668074
1533690824.524950027
1533690824.625204086
1533690824.725462914
1533690824.825742006
1533690824.926004887
1533690825.026253939
1533690825.126528025
1533690825.226793051
1533690825.327061892	1533690825.327119112	1533690825.327131987
1533690825.427334070
1533690825.527607918
1533690825.627872944
1533690825.728157043
1533690825.828429937
1533690825.928699970
1533690826.028969049
1533690826.129247904
1533690826.229526043
1533690826.329792976	1533690826.329854965	1533690826.329866886
1533690826.430066109
1533690826.530330896
1533690826.630603075
1533690826.730868101
1533690826.831147909
1533690826.931420088
1533690827.031687021
1533690827.131958961
1533690827.232243061
1533690827.332513094	1533690827.332566023	1533690827.332576990
1533690827.432784081
1533690827.533061028
1533690827.633327961
1533690827.733598948
1533690827.833874941
1533690827.934159994
1533690828.034426928
1533690828.134707928
1533690828.234983921	1533690828.235038042	1533690828.235049009
1533690828.335263014
1533690828.435534954
1533690828.535800934
1533690828.636075974
1533690828.736367941
1533690828.836641073
1533690828.936909914
1533690829.037184000
1533690829.137449980
1533690829.237728119	1533690829.237783909	1533690829.237796068
1533690829.337992907
1533690829.438270092
1533690829.538536072
1533690829.638801098
1533690829.739085913
